005930
000660
373220
207940
005380
068270
000270
329180
105560
035420
055550
012330
012450
006400
028260
005490
096770
138040
010130
051910
035720
032830
011200
009540
086790
267260
259960
066570
000810
015760
003670
042660
034020
017670
033780
024110
316140
402340
003550
030200
323410
010140
086280
018260
009150
000100
003490
326030
042700
352820
034730
047050
010950
090430
267250
005830
064350
079550
003230
047810
010620
010120
180640
021240
005940
034220
272210
051900
161390
032640
241560
271560
029780
016360
298040
003620
011070
000150
071050
377300
097950
036570
088980
006800
078930
028050
138930
035250
036460
018880
000720
039490
009830
004020
006260
001040
011170
004370
383220
011780
