005930
373220
000660
207940
068270
006400
005380
005490
051910
035420
000270
003670
035720
096770
028260
012330
011200
105560
055550
066570
329180
323410
018260
003550
015760
032830
009150
086790
034020
352820
138040
017670
047050
000810
034730
003620
033780
259960
003490
010130
024110
090430
316140
009540
326030
042660
010950
030200
012450
402340
377300
010140
086280
009830
034220
011170
042700
011070
018880
180640
161390
051900
028050
000100
047810
036570
004020
097950
271560
241560
005830
267250
032640
021240
088980
000720
078930
010620
272210
383220
005940
016360
006800
029780
071050
035250
064350
011780
267260
079550
000120
006260
004370
008770
001040
007070
039490
001450
282330
000990
