005930
373220
207940
000660
006400
051910
068270
005380
035420
096770
035720
000270
005490
028260
012330
011200
003670
105560
055550
066570
015760
329180
032830
323410
003550
051900
034020
086790
009150
034730
010130
010950
018260
003620
017670
033780
036570
003490
009830
090430
259960
377300
000810
352820
011170
316140
030200
138040
024110
034220
011070
018880
086280
326030
097950
383220
042660
009540
271560
047810
402340
010140
028050
012450
032640
035250
000100
004020
021240
000720
267250
078930
047050
161390
005830
282330
010620
088980
064350
008770
241560
036460
007070
029780
011780
005940
002790
006800
071050
139480
016360
180640
023530
001040
001450
004370
004990
272210
079550
088350
