# KOSPI Top 100 by Market Cap (2026-01-04)
# Source: myfinpl.com
# Excludes preferred stocks (우선주)

005930
000660
207940
373220
005380
105560
000270
068270
012450
034020
035420
055550
329180
028260
012330
086790
011200
035720
032830
005490
015760
402340
042660
009540
138040
000810
064350
051910
316140
024110
096770
267260
010130
259960
033780
010140
323410
018260
006400
030200
066570
079550
003550
034730
017670
352820
006800
086280
003670
003230
009150
272210
267250
003490
377300
298040
071050
000150
047050
005830
090430
042700
000100
047810
180640
005940
000720
010120
021240
326030
010950
000880
016360
010620
032640
029780
039490
009830
011070
028050
097950
036570
051900
004020
271560
161390
001450
004170
078930
036460
011780
006260
001040
069960
007070
088350
004370
282330
138930
241560
